$ 1 0.000005 382.76258214399064 50 5 43 5e-11
w 240 416 240 448 0
w 288 608 176 608 0
w 176 416 240 416 1
r 176 416 176 464 0 100000
w 176 608 128 608 0
w 288 480 240 480 2
f 128 528 176 528 32 1.5 0.02
w 176 512 176 464 0
w 176 544 176 608 0
r 128 608 128 528 0 100000
f 176 464 240 464 33 1.5 0.02
s 64 480 64 416 0 1 false
R 64 416 64 368 0 0 40 12 0 0 0.5
r 288 480 288 608 0 20000
w 128 528 64 528 0
w 128 608 64 608 0
c 64 528 64 608 0 0.000009999999999999999 0.000057858731573975485 0
r 64 480 64 528 0 1000
g 64 608 64 640 0 0
R 176 416 176 368 0 0 40 12 0 0 0.5
