$ 1 0.000005 14.235633750745258 50 5 43 5e-11
v 32 528 32 464 0 0 40 9 0 0 0.5
w 32 416 176 416 0
w 240 416 240 448 0
w 288 608 176 608 0
w 32 608 32 528 0
w 176 416 240 416 0
r 176 416 176 464 0 100000
w 176 608 128 608 0
v 288 608 288 560 0 0 40 10 0 0 0.5
d 288 528 288 480 2 1N5711
w 288 480 368 480 0
w 288 608 368 608 0
s 288 560 288 528 0 0 false
d 32 464 32 416 2 1N5711
w 288 480 240 480 0
f 128 528 176 528 32 1.5 0.02
w 176 512 176 464 0
w 176 544 176 608 0
w 128 608 32 608 0
r 128 608 128 528 0 100000
g 32 608 32 624 0 0
f 176 464 240 464 33 1.5 0.02
s 128 528 128 464 0 0 false
R 128 464 128 432 0 0 40 3.3 0 0 0.5
w 288 528 448 528 0
r 368 480 368 608 0 200
w 368 608 448 608 0
r 448 608 448 576 0 20000
r 448 576 448 528 0 68000
w 448 576 544 576 2
w 32 464 -32 464 0
w 32 608 -32 608 0
r -32 608 -32 544 0 10000
r -32 464 -32 544 0 20000
w -32 544 -112 544 2

